1000000007
1000000008
1000000009
1000000010
1000000021
1000000022
1000000033
1000000034
1000000087
1000000088
1000000093
1000000094
1000000097
1000000098
1000000103
1000000104
1000000123
1000000124
1000000181
1000000182
1000000207
1000000208
1000000223
1000000224
1000000241
1000000242
1000000271
1000000272
1000000289
1000000290
1000000297
1000000298
1000000321
1000000322
1000000349
1000000350
1000000363
1000000364
1000000403
1000000404
1000000409
1000000410
1000000411
1000000412
1000000427
1000000428
1000000433
1000000434
1000000439
1000000440
1000000447
1000000448
1000000453
1000000454
1000000459
1000000460
1000000483
1000000484
1000000513
1000000514
1000000531
1000000532
1000000579
1000000580
1000000607
1000000608
1000000613
1000000614
1000000637
1000000638
1000000663
1000000664
1000000711
1000000712
1000000753
1000000754
1000000787
1000000788
1000000801
1000000802
1000000829
1000000830
1000000861
1000000862
1000000871
1000000872
1000000891
1000000892
1000000901
1000000902
1000000919
1000000920
1000000931
1000000932
1000000933
1000000934
1000000993
1000000994
1000001011
1000001012
1000001021
1000001022
1000001053
1000001054
1000001087
1000001088
1000001099
1000001100
1000001137
1000001138
1000001161
1000001162
1000001203
1000001204
1000001213
1000001214
1000001237
1000001238
1000001263
1000001264
1000001269
1000001270
1000001273
1000001274
1000001279
1000001280
1000001311
1000001312
1000001329
1000001330
1000001333
1000001334
1000001351
1000001352
1000001371
1000001372
1000001393
1000001394
1000001413
1000001414
1000001447
1000001448
1000001449
1000001450
1000001491
1000001492
1000001501
1000001502
1000001531
1000001532
1000001537
1000001538
1000001539
1000001540
1000001581
1000001582
1000001617
1000001618
1000001621
1000001622
1000001633
1000001634
1000001647
1000001648
1000001663
1000001664
1000001677
1000001678
1000001699
1000001700
1000001759
1000001760
1000001773
1000001774
1000001789
1000001790
1000001791
1000001792
1000001801
1000001802
1000001803
1000001804
1000001819
1000001820
1000001857
1000001858
1000001887
1000001888
1000001917
1000001918
1000001927
1000001928
1000001957
1000001958
1000001963
1000001964
1000001969
1000001970
1000002043
1000002044
1000002089
1000002090
1000002103
1000002104
1000002139
1000002140
1000002149
1000002150
1000002161
1000002162
1000002173
1000002174
1000002187
1000002188
1000002193
1000002194
1000002233
1000002234
1000002239
1000002240
1000002277
1000002278
1000002307
1000002308
1000002359
1000002360
1000002361
1000002362
1000002431
1000002432
1000002449
1000002450
1000002457
1000002458
1000002499
1000002500
1000002571
1000002572
1000002581
1000002582
1000002607
1000002608
1000002631
1000002632
1000002637
1000002638
1000002649
1000002650
1000002667
1000002668
1000002727
1000002728
1000002791
1000002792
1000002803
1000002804
1000002821
1000002822
1000002823
1000002824
1000002827
1000002828
1000002907
1000002908
1000002937
1000002938
1000002989
1000002990
1000003009
1000003010
1000003013
1000003014
1000003051
1000003052
1000003057
1000003058
1000003097
1000003098
1000003111
1000003112
1000003133
1000003134
1000003153
1000003154
1000003157
1000003158
1000003163
1000003164
1000003211
1000003212
1000003241
1000003242
1000003247
1000003248
1000003253
1000003254
1000003267
1000003268
1000003271
1000003272
1000003273
1000003274
1000003283
1000003284
1000003309
1000003310
1000003337
1000003338
1000003351
1000003352
1000003357
1000003358
1000003373
1000003374
1000003379
1000003380
1000003397
1000003398
1000003469
1000003470
1000003471
1000003472
1000003513
1000003514
1000003519
1000003520
1000003559
1000003560
1000003577
1000003578
1000003579
1000003580
1000003601
1000003602
1000003621
1000003622
1000003643
1000003644
1000003651
1000003652
1000003663
1000003664
1000003679
1000003680
1000003709
1000003710
1000003747
1000003748
1000003751
1000003752
1000003769
1000003770
1000003777
1000003778
1000003787
1000003788
1000003793
1000003794
1000003843
1000003844
1000003853
1000003854
1000003871
1000003872
1000003889
1000003890
1000003891
1000003892
1000003909
1000003910
1000003919
1000003920
1000003931
1000003932
1000003951
1000003952
1000003957
1000003958
1000003967
1000003968
1000003987
1000003988
1000003999
1000004000
1000004023
1000004024
1000004059
1000004060
1000004099
1000004100
1000004119
1000004120
1000004123
1000004124
1000004207
1000004208
1000004233
1000004234
1000004249
1000004250
1000004251
1000004252
1000004263
1000004264
1000004321
1000004322
1000004329
1000004330
1000004381
1000004382
1000004389
1000004390
1000004437
1000004438
1000004449
1000004450
1000004459
1000004460
1000004497
1000004498
1000004507
1000004508
1000004519
1000004520
1000004539
1000004540
1000004567
1000004568
1000004569
1000004570
1000004581
1000004582
1000004609
1000004610
1000004611
1000004612
1000004627
1000004628
1000004633
1000004634
1000004647
1000004648
1000004693
1000004694
1000004699
1000004700
1000004717
1000004718
1000004771
1000004772
1000004777
1000004778
1000004783
1000004784
1000004791
1000004792
1000004807
1000004808
1000004839
1000004840
1000004843
1000004844
1000004849
1000004850
1000004857
1000004858
1000004867
1000004868
1000004869
1000004870
1000004891
1000004892
1000004893
1000004894
1000004897
1000004898
1000004927
1000004928
1000004933
1000004934
1000004977
1000004978
1000004981
1000004982
1000005001
1000005002
1000005029
1000005030
1000005053
1000005054
1000005067
1000005068
1000005103
1000005104
1000005133
1000005134
1000005187
1000005188
1000005197
1000005198
1000005203
1000005204
1000005233
1000005234
1000005277
1000005278
1000005287
1000005288
1000005299
1000005300
1000005317
1000005318
1000005329
1000005330
1000005341
1000005342
1000005353
1000005354
1000005361
1000005362
1000005403
1000005404
1000005407
1000005408
1000005437
1000005438
1000005443
1000005444
1000005449
1000005450
1000005451
1000005452
1000005469
1000005470
1000005491
1000005492
1000005527
1000005528
1000005541
1000005542
1000005547
1000005548
1000005583
1000005584
1000005631
1000005632
1000005647
1000005648
1000005683
1000005684
1000005731
1000005732
1000005737
1000005738
1000005751
1000005752
1000005763
1000005764
1000005791
1000005792
1000005823
1000005824
1000005827
1000005828
1000005833
1000005834
1000005847
1000005848
1000005863
1000005864
1000005899
1000005900
1000005907
1000005908
1000005947
1000005948
1000005953
1000005954
1000005959
1000005960
1000005971
1000005972
1000005973
1000005974
1000005991
1000005992
1000005997
1000005998
1000006019
1000006020
1000006027
1000006028
1000006037
1000006038
1000006039
1000006040
1000006061
1000006062
1000006093
1000006094
1000006099
1000006100
1000006127
1000006128
1000006129
1000006130
1000006177
1000006178
1000006193
1000006194
1000006211
1000006212
1000006223
1000006224
1000006229
1000006230
1000006307
1000006308
1000006313
1000006314
1000006331
1000006332
1000006349
1000006350
1000006379
1000006380
1000006393
1000006394
1000006417
1000006418
1000006421
1000006422
1000006457
1000006458
1000006459
1000006460
1000006477
1000006478
1000006541
1000006542
1000006571
1000006572
1000006577
1000006578
1000006583
1000006584
1000006607
1000006608
1000006621
1000006622
1000006661
1000006662
1000006663
1000006664
1000006697
1000006698
1000006717
1000006718
1000006751
1000006752
1000006781
1000006782
1000006837
1000006838
1000006867
1000006868
1000006901
1000006902
1000006957
1000006958
1000006961
1000006962
1000006967
1000006968
1000006981
1000006982
1000007003
1000007004
1000007023
1000007024
1000007027
1000007028
1000007089
1000007090
1000007117
1000007118
1000007137
1000007138
1000007147
1000007148
1000007159
1000007160
1000007191
1000007192
1000007209
1000007210
1000007237
1000007238
1000007243
1000007244
0
